Coordinates:

Center: 7.47983, 9.25489, -8.56033
Size  : 61.7890, 32.9202, 32.1207
